$ANSIBLE_VAULT;1.1;AES256
34313066343761643939333738326233303362363566373939376664666464616166643430356336
6665383330313964396435336263323732643532613938310a396463376332396532626436383131
37343163363666383239613166636563313962363630306465656336376236343663363337343836
6166303734326135310a663166373565366665353230313836313934336430373562643866633834
34613361616463303166626239386261393834623263346136346534663461633135626363656665
61333966323531383834373730353565636632316631313136613634626530376565373863376138
64383435323332663964303763376363623763613365393832623939616532366435346461643933
65386537636536623631653332323637393461386133313036356665353036626539623634613862
61393231303961386561326266393437613535366132326164323736313361656263646630313938
30623465313461613530373434383665383238346431623737373034353737306332633163666463
39656365633839373934323634313832323233633262313766343961383836356263656433613931
39303863663064313036656637646532643635636136633763366161653065373665383862326430
62653439656230666564633866383363646136393635313637646366306438313637366136623132
34316231393638346239663537653037373735623864666636313435373161613162643665353831
35323161636335386463626433396633353162393235333463633337333438663961643530333562
32393534323661353638653564643461386635623166383731383461376161643431313635633461
33396238386339326331396331643139306463663838363531353330313663653762376665636134
38303230643835653838353131646364333661393432303932373164613833396534303361393066
35346365303732353633346535366431363761666533313062363466613064646132636437306464
33366362383739353734623736326661653331363737396464396130376237656137363031393661
32363933623236393464393933653031623132396363386464626336626133363663356530393637
35373761393731666232373839613430333430653430646666393064616235333735303038636333
61623063393333633235636236303537653261383038333039643564646134653137626365386634
64393332323166646130383337656465356332376132653966313639363333363936336665633837
32393565326263373362386433336537646262376635303530373831313236346531303732356565
35616162626463613939356162383139373632363835363836373662303266386639386639653233
63626663643965336330633164323331306436346362333439363363393564306664353362633465
63353166623231656332
