$ANSIBLE_VAULT;1.1;AES256
36393834633461373261386161376235313435626333383032393230613230353937323433383664
6661653738633534353134343661303330333331613133340a653261316466333563343361343730
62306335643562633534643166386335643634313439313539626534643131646235643865643065
3861636165613165340a343566633761653437323036366561393061383165383035353137626134
64373333613035383937616661663932353937653635626130663033626536303231646631306562
31393830386336656465336233663066653863636464623531373361633338653830646639356238
62393834303733323763363038326239633537376232303731383137373239366630633537623534
62623465613964303262643864373663333931383262663232353932363365383735353831643438
63343531316633393639343462316131393333636130366237626636623030666136313364313731
34616261376135633066343364333939353430613336623034626565636165323636383732653137
34643262316332623063646535626363356561633832316633623131383166363764636462346164
38643065336666623539353330623766643237653735363338613938636134656164336334623430
31373536383863313732383633303432353835313332353633633235343932333262666338336163
31376365336565666666336165316262623966613333663162633465623362313262616139636139
35306565306536376663363333656163616634396365623534646337373262383232623864313131
31633631396430653533383261326237306233353462393238336536373138306166663735656230
33326264303338663730363263343761346239303630336136326365353633353232363936336332
61643363346239623765376531653537323037366264343732313066616662366638623362666139
61613933363731626534373130633062373836326539376633363433666533303065633233393864
37313231356332613430336131363531366438333064633836633130616335346234386133333263
34323235353030663036376231656465356134666666326237336162336234643737633365366539
66323430656139373838656439333734363335373638663535646436306136643431383464353839
36663335326239383861313438343633383234613430336333353263353935386564613837363162
33623031326436366330396664346339366662656166616437373263383837376634363838343366
36643534643064303331316235353066353765323337303638653032303137376563383034396434
35333764376463646335316565636239313136303730376336333362366666313465393665663961
63333139653164313863303464343131633735393630363537633764343034386133313563353736
34396362323931396536663333323930646432643233366230386632666239373536643565633231
66633830633166316134643663396530336361353635306137313131623366666366323831653436
63643661623464303634326265663538633030376434316463346336353339666535336663663434
38346563633636316362343339663139356632396434376566363130386165663432396566343531
31393034336461396563613632643039303561313439373164376639306632336330626166343932
35643231666465386131336630396562643365323037653237393636306664393563343035623038
38613132343031643433346661366664666536633239323230333833656538396666323530323533
30353933663637393034323731343366376161656339343264323065353334613639666436346634
65316337663535636431353465363338663864616566623031613338323266626231353935633664
66666161656261376530363761333730393131383634336563373661366263366636356465393666
66633363366436636533373431313464356562386336336366623464393334346661653032346436
34323630363837363566356361666565343564633336373435363733613464386566653734656139
61376531303362366436346238633461343264626562643934373064633933393836313636313137
34306635306535313634333962333238663637666362663434616231316265346336353930626535
65386535653730343836396663636333336630373062333264666236393064303161323934303139
39393031616364376632356663666261303364383637616231336331343365333835363133393931
36363830356661646235303465376630656233653361323936303563373463356538333565363132
38396337323662633164616665343535626266633764326462626165313830373062653166336265
31373039316333353261653039323064626333666666303933346232346266343066646438303261
30643636386633353035356337333039323166653632303035633263313832633534366431333037
37353330333432343061623733623434346632653234333535373639336134363233323138356630
64323266376163336639383337643134306566653534383363643535626132656531656265383064
35616632306361663230633732376336343736383237376437623437653738363639353430386266
65333366346430323131343265646232303462623861383666353631636665313963373834363763
31393735313833373632623136626464336234613762333239313637353231363230343231633861
61343765633434613736613333646638383930356561316339393666313034383935666564363637
37303161303331613439313062393466643636376431663031393732373965376562313166663537
30613539303936353665313966373938666664383461386332313739383430636136323339623932
30373932626332613538353033666263393166313431633433306439353663346363373131366131
66373339316466323734626139323932656364386636353664303133336537303563316365396430
65623637383934353230366536336434396637386636373234646532303035633739623465643239
62326339333065363065336337643733636230393165626439653233363363653631343666343232
36393766356130653337363939326438616239633433623461643637336131316561663939663964
35653864636361353330306130653939336461346331316466313161643936653931323934376231
34646365373130356661386134666136343135313332643463633931363534306238356266336665
63623562353638313731303964343736666533656336643036376137373661343163363730353232
62346165623530636461303263373039656264386135343134383736343236653832316630616339
39363435303366393935346331333932383266663064626264333730646237633431316132326564
36333031366234656233323930363439633038333661333637313130363962353534393437373030
66386664363135633937326632363737316361383137633264663533306138666338333065343330
38386130636639383736393164366664366362326363633432323736643935623061343836303934
36336462616462656139373738366164636230306330383834626130383830383935346365323063
39663232666365356264323965356365353966303066396336303162653561623062326363663765
63363931653064646431643466363033333939643261383730326238363932386430306561393638
39396565366339333864373435663437396465376363393632313062613337343030336161393466
31643061333138333930363930653430663936316434303663343939383532613231396537396432
64393363633933646664656438396665373636643635336536313436653862383631663835343664
34303639323135303735343735626631373031653963353132313734643134666633343438356366
31336331626462663732363566643061303438623136646162656664363661386631323133656465
64373366663639343739623065386633626163326138336434353534376531666663383565653631
38393264393730386566656162653961323361653331643632313665313765633663613064623232
39613730626166396332633766373034393434343933633362663130363734623630616537653532
39363434326433336432383637376231646534616132343733343764306235663931383833626365
36636664346138346139356566306266363031666634373338633763633832656237653930336463
62653039663739303237313030663461646532646265663535656434663135336566333537626662
39303531653134383434363366663934383666666233363863623634326665343664383861303836
37386661623365313731303936336432373263333731383737383134663235656664636365356266
31396163663164663134323961653035343434623530396165656430636235643665623066313036
39643538636236343535346464633639383961303137326239663330633930316662656165316261
64323865663530363538316534343233663063313361353662383261343535366438313564613937
31336137306535373865653539363865633635323565353938643763666233353366636533336366
33613733613265666165663265353637393761633030393264386136656136626664323432356637
31386464353930316636383732336561373162373134646638393935373865613033626261343039
61343632363864633636656632383365323334343863373965373064653238653538626536363566
30653735356139373563376464343138613335616561626538373630336131386134666536356239
30623966383038333864326439653762653964356334663836386166313530316537383265626164
31663431303231653835393636303037303032333938353138656265623762613038323364326434
65643730393338323437333264363736653762653431383833393432393132303530656135356666
33363463346535373332333764376561306232386633623661656234343439323839323338353239
38366438643030636164613237323336373061343463613438643762373535303138623465626534
66386332623835633865333431316136323430363831626132643835623231376364333335646666
37633337313333346337353332633238633466613137323138383532643262366138383532376462
33653365316363336562303536353839373038316433323837316663336434643461323036313864
34616638366438366132663935623762626135303362303230336465316634356564666331393031
36623133303465633836323136363762383766313436323430663235386139346537323665623165
64643534616266643865316162303136363562303238333561613235376564313633383233356434
35376231626330663432313339313134633238646339386139313032386665363334303633343264
36643934653361386364353461623161356266653733333335656235653761393163646335393039
38313435333065316433386363373831316131616636346637313864626364633565306263323532
30306632363564633235346562363336383633346134613236396138343164393762353661613133
37336537653534653263343736633632623938323130633837396337636635396532366633323633
63663232303438326434313539376365393335336462626339313762666265316139383936643737
32623639363864353735333862653336323766646233323665346432626664383364643334376466
66343662383933343731653563306330326138626238346662636331313763383331396337626236
65316231653838333761306361353533316664303862346437306133633139386633363932373035
37373866396339326264616136386531633531386432303439623536616130326330386639313737
63383331623965386131633038343166613838633864626566633933373866643633643265306366
34616334616636656231303037353637383432376337356230373363643731623337656561653363
62346634653539336135326162343966353232616435323733333562336366323732353732343130
35666431323466616332336537386165373430353138663237313034336663623365353830356432
63326133343231636435663832336566643364646336343166613136643836636139623337636438
64393937666163666665633665323330333065323464613531643561306361306363633562636535
32363263653963353839633436316662643364373335313530333230393261656338316334336533
38363134386136313263656466396338306666663231633661316363626432316364616466633364
65303863393232373263646238393665383139366538346334336462646532313562666630393631
61316332323935643061633234626636316162623538356238306431373263393564626566313237
33333164666264393438663965656239306335353437366339313538303038666639373333613764
30333737333136383731346434373637326434303363313630663032356433323636303438613166
38396133353166393839653132626431363534646363336430383163313731656662323962626637
39393763386562303631643938346330366464326434646233656531613435383865616532393833
66373561626364333435663836623737363838373233336332303534616630656266356238626330
36653236643633613137663166613964326435663061643732333334623030326231643766373063
32396330346336653935323133343931323037313633333237363137633362376138373732396639
31613032633930316630336537376432373732623739393239653633323439306530633333386138
63323865333165383834333531333365616562383932316630316538663436393964393134373461
66643038376462333230313664656233393463353032313638663039333232646439333838303330
37303761623466363037303163636666326439373137326334663730336538666138313966623866
36333136383332303462643130343934396336393235303363656135363730616466386565363530
36363064626134313735353233616363386234356362386435613436326464653534333633653938
3039
